9000000
https://en.wikipedia.org/wiki/Harry_Potter_and_the_Deathly_Hallows_%E2%80%93_Part_2
195000000
200000000
https://en.wikipedia.org/wiki/Pirates_of_the_Caribbean:_On_Stranger_Tides
https://en.wikipedia.org/wiki/Alice_in_Wonderland_(2010_film)
185000000
300000000
https://en.wikipedia.org/wiki/Harry_Potter_and_the_Deathly_Hallows_%E2%80%93_Part_2
150000000
250000000
258000000
90000000
200000000
160000000
160000000
185000000
200000000
https://en.wikipedia.org/wiki/Shrek_Forever_After
175000000
50000000
136200000.0
150000000
145000000
68000000
150000000
78000000
145000000
125000000
215000000
200000000
150000000
150000000
0
150000000
200000000
260000000
80000000
150000000
140000000
110000000
200000000
130000000
69000000
125000000
180000000
75000000
90000000
51000000
0
125000000
150000000
90000000
93000000
35000000
130000000
65000000
150000000
70000000
110000000
15000000
360000000
225000000
155000000
65000000
150000000
170000000
120000000
37000000
170000000
145000000
0
150000000
110000000
175000000
15000000
150000000
135000000
200000000
180000000
140000000
45000000
85000000
60000000
8000000
140000000
0
75000000
85000000
80000000
0
167000000
13000000
175000000
130000000
200000000
150000000
85000000
70000000
40000000
150000000
85000000
100000000
29000000
209000000
0
85000000
0
110000000
60000000
https://en.wikipedia.org/wiki/Sex_and_the_City_(film)
32500000.0
130000000
150000000
150000000
250000000
100000000
125000000
80000000
110000000
105000000
80000000
100000000
150000000
105000000
33000000
117000000
0
60000000
140000000
38000000
0
11000000
0
135000000
https://en.wikipedia.org/wiki/Marley_%26_Me_(film)
0
112000000
110000000
150000000
90000000
995000
-7500000.0
25000000
80000000
120000000
70000000
95000000
25000000
85000000
40000000
85000000
200000000
30000000
35000000
80000000
0
20000000
https://en.wikipedia.org/wiki/District_9
35000000
80000000
150000000
65000000
100000000
100000000
75000000
0
85000000
15000
211300000.0
60000000
38000000
75000000
https://en.wikipedia.org/wiki/21_Jump_Street_(film)
90000000
80000000
75000000
34000000
30000000
58000000
150000000
https://en.wikipedia.org/wiki/Paranormal_Activity
36000000
55000000
61000000
92000000
63000000
50000000
154000000
85000000
130000000
26000000
0
80000000
40000000
https://en.wikipedia.org/wiki/Paranormal_Activity
110000000
163000000
45000000
175000000
20000000
60000000
20000000
100000000
25000000
20000000
85000000
80000000
0
25000000
54000000
30000000
30000000
33000000
45000000
80000000
0
90000000
48000000
37000000
45000000
30000000
85000000
70000000
60000000
80000000
35000000
37000000
0
150000000
27000000
17000000
40000000
75000000
50000000
55000000
100000000
40000000
79000000
30000000
17500000.0
35000000
25000000
22000000
https://en.wikipedia.org/wiki/The_Muppets_(film)
50000000
100000000
61000000
0
45000000
0
65000000
20000000
100000000
40000000
150000000
56000000
60000000
32000000
78000000
80000000
30000000
20000000
70000000
40000000
0
70000000
66000000
10000000
40000000
17000000
25000000
42000000
30000000
25000000
55000000
40000000
65000000
15000000
60000000
40000000
40000000
53000000
60000000
0
50200000.0
55000000
12000000
75000000
135000000
80000000
50000000
20000000
0
35000000
0
30000000
85000000
99500000.0
55000000
10800000.0
48000000
50000000
100000000
25000000
0
57000000
70000000
73000000
55000000
70000000
https://en.wikipedia.org/wiki/Body_of_Lies_(film)
40000000
0
0
38000000
32000000
50000000
30000000
30000000
50000000
23600000.0
37500000.0
14000000
40000000
30000000
27000000
60000000
1000000
95000000
24000000
40700000.0
100000000
13000000
0
1500000.0
100000000
0
28000000
10000000
35000000
61000000
0
0
40000000
37000000
34000000
65000000
37000000
0
28000000
25000000
120000000
https://en.wikipedia.org/wiki/The_Host_(2006_film)
40000000
19000000
28000000
35000000
17500000.0
40000000
30000000
60000000
130900000.0
0
82000000
60000000
30000000
35000000
0
20000000
69000000
37000000
70000000
20000000
40000000
35000000
25000000
45000000
30000000
36000000
32000000
0
https://en.wikipedia.org/wiki/Priest_(2011_film)
65000000
24000000
80000000
35000000
9000000
20000000
80000000
60000000
20000000
50000000
14000000
0
58000000
35000000
4000000
12000000
30000000
0
35000000
12000000
10000000
15000000
60000000
20000000
30000000
35000000
18000000
0
35000000
35000000
15000000
13000000
15000000
25000000
52000000
8000000
35000000
39000000
55000000
2000000
70000000
10000000
45000000
20000000
20000000
75000000
128500000.0
7000000
32000000
https://en.wikipedia.org/wiki/The_Dilemma
https://en.wikipedia.org/wiki/Superhero_Movie
55000000
25000000
21000000
100000000
35000000
70000000
70000000
70000000
https://en.wikipedia.org/wiki/3_Idiots
39000000
26000000
8500000.0
27000000
65000000
30000000
1800000.0
0
0
30000000
25000000
25000000
15000000
20000000
15000000
0
25000000
42000000
30000000
35000000
35000000
20000000
30000000
16000000
15000000
24000000
36000000
10000000
10000000
60000000
0
35000000
45000000
40000000
40000000
40000000
32000000
0
20000000
7500000.0
11000000
18000000
0
35000000
https://en.wikipedia.org/wiki/Larry_Crowne
37000000
40000000
45000000
30000000
25000000
30000000
0
60000000
70000000
0
0
30000000
35000000
20000000
12000000
16000000
30000000
https://en.wikipedia.org/wiki/Smokin%27_Aces
0
0
0
12500000.0
20000000
21000000
18000000
50000000
0
16000000
30000000
50000000
0
25000000
25000000
35000000
52000000
19000000
26000000
25000000
20000000
20000000
0
28000000
60000000
19430000
0
58000000
75000000
40000000
20000000
16000000
53000000
19000000
10000000
15000000
21000000
0
20000000
https://en.wikipedia.org/wiki/How_Do_You_Know
175000000
60000000
44000000
8000000
18000000
7000000
0
https://en.wikipedia.org/wiki/9_(disambiguation)
20000000
6000000
20000000
45000000
9000000
420000000
17000000
20000000
38000000
20000000
21000000
0
20000000
15000000
20000000
25000000
35000000
0
20000000
55000000
38000000
5000000
10500000.0
0
0
30000000
21000000
12000000
0
30000000
13500000.0
15000000
20000000
41771168
32000000
7000000.0
0
28000000
12000000
58000000
https://en.wikipedia.org/wiki/Transformers_(film)
50000000
https://en.wikipedia.org/wiki/Michael_Nyqvist
45
11000000
16000000
15000000
62000000
28000000
6900000.0
0
150000000
32000000
65000000
12500000.0
15000000
8000000
20000000
60000000
0
21000000
6600000.0
0
60000000
17000000
17000000
16500000.0
47000000
350000000
150
0
24000000
1000000
15000000
-9250000.00
50000000
10000000
30000000
0
0
https://en.wikipedia.org/wiki/Fast_%26_Furious_(2009_film)
30000000
0
35000000
30000000
19000000
14000000
2000000
36100000.0
19000000
0
20000000
4000000
20000000
17500000.0
13800000.0
2000000
15000000
6200000.0
23000000
10000000
9000000
10200000.0
40000000
22000000
0
500000
https://en.wikipedia.org/wiki/The_Iron_Lady_(film)
22000000
19000000
18500000.0
30000000
16000000
0
40000000
25000000
25000000
25000000
25000000
5000000
40000000
13500000.0
6200000.0
25000000
20000000
20000000
35000000
25000000
0
8600000.0
20000000
20000000
45000000
0
0
7000000
15000000
50000000
21000000
0
20000000
0
25100000.0
70800000.0
20000000
13000000
26000000
35000000
2500000.0
6200000.0
8600000.0
https://en.wikipedia.org/wiki/Singh_Is_Kinng
22000000
29000000
20000000
0
20000000
0
23000000
103
0
25000000
25000000
38000000
20000000
39000000
12500000.0
27500000.0
21000000
11700000.0
40000000
50000000
52000000
30000000
15000000
0
5000000
17000000
22000000
0
https://en.wikipedia.org/wiki/Big_Mommas:_Like_Father,_Like_Son
18000000
67000000
18000000
0
https://en.wikipedia.org/wiki/Race_(2008_film)
4400000.0
18000000
0
19000000
35000000
20000000
23000000
9200000.0
0
7500000.0
360000000
https://en.wikipedia.org/wiki/The_Twilight_Saga:_New_Moon
30000000
0
12000000
1700000.0
4000000
7300000.0
2724000
1500000.0
12000000
50000000
8000000
30000000
45000000
1034659
0
0
20000000
35000000
0
15000000
20000000
0
15000000
10000000
0
20000000
0
18000000
0
17000000
12800000.0
https://en.wikipedia.org/wiki/Delhi_Belly_(film)
https://en.wikipedia.org/wiki/Arrietty
23000000
1000000
15000000
150000
16000000
7000000
18000000
6250000
15000000
7000000.0
2000000
10000000
40000000
21000000
6000000
6400000.0
32000000
22000000
35000000
0
https://en.wikipedia.org/wiki/Melancholia_(2011_film)
https://en.wikipedia.org/wiki/Heyy_Babyy
280000000
20000000
9800000.0
0
20000000
25000000
9000000
20000000
33000000
4000000
30000000
0
0
8500000.0
0
0
https://en.wikipedia.org/wiki/African_Cats
5000000
31000000
1000000
0
0
0
25000000
10000000
20000000
0
25000000
14000000
0
30000000
25000000
0
13000000
13000000
https://en.wikipedia.org/wiki/Chak_De!_India
0
5600000.0
25300000.0
20000000
20000000
20000000
7500000.0
10000000
500000
https://en.wikipedia.org/wiki/The_Last_Song_(film)
2000000
4000000
400000000
1500000.0
5000000
11000000
2500000.0
15000000
30000000
12000000
15000000
16500000.0
2000000
0
6500000.0
3500000.0
60000000
18000000
25000000
https://en.wikipedia.org/wiki/Mao%27s_Last_Dancer_(film)
0
18000000
40000000
23000000
16000000
0
0
0
5000000
18000000
0
0
3200000.0
20000000
28000000
15000000
0
0
0
0
120000000
42000000
0
13000000
25000000
0
0
5000000
0
25000000
45000000
12000000
20000000
13000000
2000000
22
4500000.0
6000000
8000000
https://en.wikipedia.org/wiki/Pineapple_Express_(film)
3000000
1500000
17000000
1000000
24000000
19000000
7000000
35000000
30000000
0
24000000
12500000.0
0
6500000.0
0
600000
7800000.0
15000000
21000000
6000000
14400000.0
45000000
27000000
10000000
0
15000000
42000000
https://en.wikipedia.org/wiki/Monsters_vs._Aliens
0
20000000
0
12000000
0
3500000.0
0
3000000
17000000
0
10000000
10000000
19000000
0
16000000
612650
25000000
3000000
12000000
25000000
0
4000000
26000000
20000000
20000000
41000000
0
0
15000000
40000000
55000000
8000000
10000000
39000000
https://en.wikipedia.org/wiki/The_Twilight_Saga:_New_Moon
0
0
15000000
0
30000000
0
1235500
0
310000000
5500000.0
0
0
0
20000000
7000000
0
750000
6000000
https://en.wikipedia.org/wiki/Psycho_(1960_film)
0
https://en.wikipedia.org/wiki/College_Road_Trip
https://en.wikipedia.org/wiki/Transformers_(film)
https://en.wikipedia.org/wiki/The_Way_(2010_film)
0
0
0
20000000
0
17000000
3000000
125000000
12000000
20000000
40000000
https://en.wikipedia.org/wiki/In_a_Better_World
13000000
9000000
1000000
19000000
16000000
0
0
25700000.0
15000000
0
20000000
6000000
20000000
1000000
0
15000000
12000000
25000000
0
0
https://en.wikipedia.org/wiki/Man_on_Wire
1000000
0
0
5800000.0
3800000.0
20000000
7000000
8000000
0
0
20000000
7500000
0
0
7500000.0
0
0
7500000.0
12000000
6000000
150000
6500000.0
0
500000
0
76
0
0
250000
20000000
3400000.0
1000000
25000000
https://en.wikipedia.org/wiki/Harry_Potter_and_the_Philosopher%27s_Stone_(film)
0
0
0
45000000
9000000
13000000
0
1100000
0
0
0
0
0
30000
0
0
6600000.0
0
0
https://en.wikipedia.org/wiki/Albert_Nobbs
0
23000000
3000000
0
5000000
0
0
1600000.0
7000000
0
9000000
https://en.wikipedia.org/wiki/Twilight_(2008_film)
3200000
0
20000000
0
4750000.00
0
0
0
4000000
28300000.0
200000
https://en.wikipedia.org/wiki/Guru_(2007_film)
385000.000
0
8000000
10000000
https://en.wikipedia.org/wiki/Sherlock_Holmes_(2009_film)
5500000.0
0
0
0
7000000
0
190000000
60
0
58000000
0
10000000
14000000
0
0
7000000
4000000
0
0
6400000.0
12000000
0
0
0
0
0
0
4000000
19100000.0
100000
25000000
0
65
12500000.0
0
7000000
0
25000000
3900000.0
0
0
15500000.0
1000000
504500000000000
0
0
0
0
0
0
0
0
10000000
0
0
25000000
0
0
0
0
12000000
0
0
2400000.0
0
6500000.0
0
0
0
82000000
0
0
0
0
11000000
20000000
4000000
0
https://en.wikipedia.org/wiki/ShortsTV
https://en.wikipedia.org/wiki/List_of_films_set_in_Paris
3000000
